0 0.000000 -0.000000 0.007000
1 0.000000 -0.000000 0.003000
2 0.000479 -0.000000 0.003058
3 0.000929 -0.000000 0.003229
4 0.001326 -0.000000 0.003503
5 0.001646 -0.000000 0.003864
6 0.001870 -0.000000 0.004291
7 0.001985 -0.000000 0.004759
8 0.001985 -0.000000 0.005241
9 0.001870 -0.000000 0.005709
10 0.001646 -0.000000 0.006136
11 0.001326 -0.000000 0.006497
12 0.000929 -0.000000 0.006771
13 0.000479 -0.000000 0.006942
14 -0.001993 0.000042 0.005166
15 0.000002 -0.001997 0.004891
16 -0.000304 0.001932 0.005418
17 -0.001467 -0.001158 0.004287
18 0.000459 0.001388 0.003635
19 0.000411 0.001897 0.004517
20 -0.001104 -0.001427 0.005863
21 -0.001743 -0.000063 0.005979
22 0.001578 -0.001216 0.004820
23 0.001333 0.001463 0.005292
24 0.001174 -0.001538 0.005507
25 0.001167 -0.000919 0.003661
26 0.001553 0.000850 0.004070
27 -0.001475 0.000119 0.003655
28 0.001572 -0.000890 0.005858
29 -0.000949 0.001756 0.004871
30 0.000770 -0.000893 0.003384
31 -0.000663 -0.001556 0.003932
32 0.001463 -0.000728 0.006153
33 -0.001190 -0.000181 0.003402
34 -0.001861 0.000577 0.004550
35 -0.001777 -0.000630 0.004333
36 0.000004 -0.001962 0.005388
37 -0.001026 0.001554 0.005729
38 -0.001067 0.001393 0.004041
39 -0.000528 -0.001794 0.004292
40 0.001408 -0.001282 0.004389
41 -0.000724 0.001610 0.004060
42 0.000076 -0.001443 0.006382
43 -0.001866 -0.000713 0.005096
44 -0.001546 0.001075 0.005674
45 -0.001746 0.000930 0.005295
46 -0.000043 0.001824 0.005819
47 0.000471 0.001941 0.005105
48 0.001783 -0.000783 0.005457
49 0.001795 0.000762 0.005445
50 -0.001911 -0.000005 0.004411
51 -0.001440 -0.001378 0.005166
52 0.000730 -0.001365 0.003734
53 0.001229 -0.001558 0.004749
54 0.001187 0.001274 0.004016
55 -0.000677 -0.001200 0.003551
56 0.001124 -0.001316 0.003998
57 -0.000165 -0.001744 0.004034
58 -0.001166 -0.001619 0.004859
59 -0.000456 -0.001856 0.005590
60 -0.001371 -0.001155 0.005887
61 0.001015 0.001719 0.004885
62 -0.001491 0.000838 0.006037
63 0.001954 -0.000421 0.005081
64 -0.001108 -0.001201 0.003846
65 -0.001037 -0.001204 0.006214
66 -0.001413 0.001399 0.004783
67 -0.001883 -0.000239 0.005630
68 0.000282 -0.001564 0.003786
69 -0.000797 -0.001564 0.005958
70 -0.000778 -0.001839 0.005115
71 -0.001959 -0.000307 0.004742
72 0.000589 -0.001675 0.005920
73 -0.000344 -0.001959 0.005212
74 -0.001977 0.000260 0.004844
75 -0.001724 0.000313 0.004035
76 0.001476 -0.000475 0.003736
77 -0.000591 0.000736 0.003237
78 -0.001479 -0.000416 0.003720
79 0.001757 -0.000450 0.005843
80 0.001136 -0.000440 0.003414
81 -0.001707 -0.000275 0.003995
82 0.000298 -0.001937 0.004599
83 -0.000212 -0.000996 0.003279
84 0.001370 -0.001444 0.005196
85 -0.001199 0.000212 0.003414
86 0.001420 -0.001267 0.005616
87 0.000238 0.001917 0.005519
88 -0.001363 0.000630 0.003679
89 -0.000021 -0.001887 0.004337
90 0.001089 -0.001542 0.004339
91 -0.000779 0.001418 0.006176
92 0.001716 0.001015 0.005156
93 0.000108 0.001554 0.003745
94 -0.001648 -0.001050 0.005425
95 0.001487 0.001139 0.005701
96 0.001796 0.000847 0.004761
97 -0.001182 0.001200 0.006079
98 0.001697 0.000709 0.005786
99 0.001914 -0.000415 0.004594
100 -0.000479 0.001047 0.003365
101 -0.000590 0.001738 0.005795
102 -0.001440 -0.001353 0.004688
103 -0.001092 -0.001521 0.004296
104 -0.000428 -0.001935 0.004729
105 -0.000810 0.001798 0.005331
106 -0.001765 -0.000893 0.004706
107 -0.001509 0.001282 0.005281
108 0.000544 -0.001922 0.005109
109 -0.001951 -0.000371 0.005234
110 -0.001913 0.000577 0.005091
111 -0.000820 0.001308 0.003729
112 0.001182 0.001506 0.004421
113 -0.001233 0.001100 0.003874
114 0.000276 -0.001806 0.004187
115 -0.001671 -0.001099 0.005019
116 -0.001843 -0.000647 0.005428
117 -0.000858 -0.000469 0.006745
118 -0.001730 0.000999 0.004904
119 -0.001749 0.000695 0.005678
120 0.001814 -0.000842 0.004954
121 -0.000292 0.001587 0.006182
122 0.000996 0.001549 0.005781
123 -0.001310 -0.000857 0.006244
124 -0.000295 0.001495 0.003705
125 0.000748 -0.001623 0.004102
126 -0.000101 0.001809 0.004152
127 0.001565 0.000457 0.006159
128 0.001911 -0.000366 0.005464
129 -0.001333 -0.001392 0.005535
130 -0.001603 0.000828 0.004137
131 0.000757 -0.001793 0.004539
132 0.001498 -0.000912 0.004038
133 0.001550 0.001109 0.004392
134 0.000413 0.001707 0.004043
135 0.001954 0.000344 0.004750
136 -0.001165 -0.001606 0.005250
137 0.000215 0.001602 0.006178
138 -0.000977 -0.001643 0.005590
139 0.000905 0.001227 0.006294
140 -0.001332 0.001359 0.005615
141 0.000779 0.001798 0.005399
142 0.000546 0.001090 0.003414
143 0.000797 0.001727 0.004381
144 0.000796 -0.001747 0.005559
145 0.001261 -0.001149 0.006044
146 0.000875 0.000733 0.003358
147 0.001748 -0.000467 0.004149
148 0.000851 0.001211 0.003655
149 0.000873 -0.001287 0.006258
150 0.000844 0.001519 0.004010
151 0.001333 0.000768 0.003723
152 0.000055 0.001197 0.003399
153 -0.001647 0.001026 0.004514
154 -0.001876 0.000242 0.005650
155 0.001727 -0.000860 0.004472
156 -0.000821 -0.001790 0.004650
157 0.001874 0.000406 0.005568
158 -0.001195 0.001579 0.005282
159 -0.001386 0.001248 0.004276
160 -0.000878 0.001047 0.006460
161 0.000086 -0.001793 0.005881
162 0.001478 0.001336 0.004825
163 0.001908 0.000578 0.005156
164 0.000499 0.000595 0.006843
165 -0.001506 -0.000421 0.006246
166 0.000387 -0.001869 0.005597
167 -0.000133 0.001996 0.005007
168 0.001150 -0.000843 0.006402
169 0.000477 0.001757 0.005829
170 0.001281 -0.000395 0.006484
171 0.000480 -0.001195 0.003470
172 -0.000532 0.001928 0.005031
173 -0.001676 -0.000628 0.005892
174 0.001803 0.000590 0.004368
175 0.000773 -0.000930 0.006593
176 0.000049 0.001969 0.004655
177 -0.001260 -0.000412 0.006497
178 0.000468 -0.001515 0.006219
179 -0.000529 0.001883 0.004583
180 0.001029 -0.001491 0.005847
181 0.000931 0.000749 0.006604
182 0.001359 0.000866 0.006185
183 0.000627 0.001521 0.006137
184 -0.001048 0.001604 0.004425
185 0.001669 0.000422 0.003981
186 -0.001144 0.000384 0.006594
187 0.001010 -0.001722 0.005112
188 -0.001231 0.000792 0.006363
189 0.001765 0.000320 0.005885
190 -0.001577 0.000405 0.006162
191 0.001288 0.000319 0.006497
192 0.001625 -0.001148 0.005209
193 -0.000461 0.001317 0.006433
194 0.001539 -0.000312 0.006238
195 0.000976 -0.000507 0.006670
196 0.000679 -0.000433 0.003170
197 0.000687 0.001857 0.004719
198 -0.001434 -0.000004 0.006394
199 -0.001031 -0.000864 0.006480
200 -0.000933 0.000059 0.003232
201 0.000369 0.001318 0.006459
202 0.000067 0.000995 0.006734
203 -0.000622 -0.000814 0.003282
204 0.000099 -0.000349 0.006967
205 -0.000315 -0.000560 0.006894
206 0.000574 -0.000497 0.006850
207 -0.001247 -0.000666 0.003585
208 -0.000840 0.000682 0.006682
209 -0.000397 -0.001650 0.006058
210 -0.000947 -0.000899 0.003485
211 -0.000052 0.001336 0.006487
212 -0.000435 0.001028 0.006660
213 -0.001523 -0.000748 0.003940
214 -0.000922 -0.000512 0.003301
215 0.000225 -0.000249 0.003028
216 -0.000487 -0.001388 0.006355
217 -0.000700 0.000119 0.006870
218 -0.000225 -0.000162 0.003019
219 -0.000180 -0.000588 0.003097
220 -0.000592 -0.000289 0.003112
221 -0.000665 -0.000996 0.006602
222 0.001180 0.000359 0.003425
223 0.000759 0.000309 0.003176
224 0.000294 -0.000831 0.003205
225 -0.000201 -0.001083 0.006670
226 -0.000181 0.000661 0.003121
227 -0.001137 -0.000105 0.006642
228 0.000322 -0.001013 0.006694
229 0.000105 -0.001242 0.003436
230 0.000095 -0.000743 0.006854
231 -0.000553 0.000340 0.003108
232 -0.000231 -0.001453 0.003646
233 0.000381 0.000472 0.003094
234 -0.000118 0.000269 0.003022
235 0.000345 0.000856 0.003226
236 -0.000997 0.000496 0.003339
237 0.001470 0.000329 0.003684
238 0.000851 0.000337 0.006778
239 0.000527 -0.001270 0.006452
240 0.000174 0.000281 0.006972
241 -0.000215 0.000262 0.006971
242 -0.000019 0.000578 0.006915
243 -0.000950 0.000929 0.003505
244 -0.000455 0.000666 0.006830
245 -0.000587 -0.000302 0.006888
246 0.000558 0.001023 0.006626
247 0.001235 0.001210 0.006005
248 -0.000293 -0.000141 0.006973
