0 13 204
0 13 240
0 204 248
0 240 241
0 241 248
1 2 215
1 2 233
1 215 218
1 218 234
1 233 234
2 3 196
2 3 223
2 196 215
2 223 233
3 4 80
3 4 222
3 80 196
3 222 223
4 5 76
4 5 237
4 76 80
4 222 237
5 6 147
5 6 185
5 76 147
5 185 237
6 7 99
6 7 135
6 99 147
6 135 174
6 174 185
7 8 63
7 8 135
7 63 99
8 9 128
8 9 157
8 63 128
8 135 163
8 157 163
9 10 79
9 10 189
9 79 128
9 157 189
10 11 191
10 11 194
10 79 194
10 127 189
10 127 191
11 12 170
11 12 191
11 170 194
12 13 206
12 13 238
12 170 195
12 191 238
12 195 206
13 164 238
13 164 240
13 204 206
14 67 109
14 67 154
14 71 74
14 71 109
14 74 110
14 110 154
15 36 73
15 36 108
15 73 104
15 82 89
15 82 108
15 89 104
16 46 87
16 46 101
16 87 167
16 101 105
16 105 172
16 167 172
17 35 106
17 35 213
17 64 103
17 64 213
17 102 103
17 102 106
18 93 134
18 93 152
18 134 150
18 142 148
18 142 152
18 148 150
19 47 176
19 47 197
19 126 134
19 126 176
19 134 143
19 143 197
20 60 65
20 60 129
20 65 69
20 69 138
20 129 138
21 67 154
21 67 173
21 154 190
21 165 173
21 165 198
21 190 198
22 40 53
22 40 155
22 53 84
22 84 192
22 120 155
22 120 192
23 61 141
23 61 162
23 92 95
23 92 162
23 95 122
23 122 141
24 84 86
24 84 187
24 86 180
24 144 180
24 144 187
25 30 52
25 30 80
25 52 56
25 56 132
25 76 80
25 76 132
26 54 133
26 54 151
26 133 174
26 151 185
26 174 185
27 33 78
27 33 85
27 75 81
27 75 88
27 78 81
27 85 88
28 32 79
28 32 145
28 48 79
28 48 86
28 86 145
29 66 158
29 66 184
29 105 158
29 105 172
29 172 179
29 179 184
30 52 171
30 80 196
30 171 224
30 196 224
31 39 57
31 39 103
31 55 64
31 55 232
31 57 232
31 64 103
32 79 194
32 145 168
32 168 170
32 170 194
33 78 207
33 85 200
33 200 214
33 207 214
34 50 74
34 50 75
34 74 110
34 75 130
34 110 118
34 118 153
34 130 153
35 50 71
35 50 81
35 71 106
35 81 213
36 59 73
36 59 161
36 108 166
36 161 166
37 91 97
37 91 101
37 97 140
37 101 105
37 105 158
37 140 158
38 41 111
38 41 184
38 111 113
38 113 159
38 159 184
39 57 89
39 89 104
39 103 156
39 104 156
40 53 90
40 56 90
40 56 132
40 132 155
41 111 124
41 124 126
41 126 179
41 179 184
42 161 178
42 161 209
42 178 239
42 209 216
42 216 225
42 225 228
42 228 239
43 71 106
43 71 109
43 94 115
43 94 116
43 106 115
43 109 116
44 45 107
44 45 119
44 62 97
44 62 119
44 97 140
44 107 140
45 107 118
45 110 118
45 110 119
46 87 169
46 101 121
46 121 137
46 137 169
47 61 141
47 61 197
47 87 141
47 87 167
47 167 176
48 63 120
48 63 128
48 79 128
48 86 192
48 120 192
49 92 95
49 92 163
49 95 98
49 98 157
49 157 163
50 71 74
50 75 81
51 58 102
51 58 136
51 94 115
51 94 129
51 102 115
51 129 136
52 56 125
52 68 125
52 68 171
53 84 187
53 90 131
53 131 187
54 112 133
54 112 150
54 148 150
54 148 151
55 64 210
55 83 203
55 83 232
55 203 210
56 90 125
57 68 114
57 68 232
57 89 114
58 70 136
58 70 156
58 102 103
58 103 156
59 69 138
59 69 209
59 70 73
59 70 138
59 161 209
60 65 123
60 94 129
60 94 173
60 123 173
61 112 143
61 112 162
61 143 197
62 97 188
62 119 190
62 188 190
63 99 120
64 207 210
64 207 213
65 69 216
65 123 199
65 199 221
65 216 221
66 107 118
66 107 158
66 118 153
66 153 159
66 159 184
67 109 116
67 116 173
68 114 125
68 171 229
68 229 232
69 209 216
70 73 104
70 104 156
70 136 138
72 144 166
72 144 180
72 149 178
72 149 180
72 161 166
72 161 178
75 88 130
76 132 147
77 100 226
77 100 243
77 226 231
77 231 236
77 236 243
78 81 213
78 207 213
82 89 114
82 108 131
82 114 131
83 203 219
83 219 224
83 224 229
83 229 232
84 86 192
85 88 236
85 200 236
86 145 180
87 141 169
88 113 130
88 113 243
88 236 243
90 125 131
91 97 160
91 101 121
91 121 193
91 160 193
92 96 162
92 96 163
93 124 126
93 124 152
93 126 134
94 116 173
95 98 182
95 122 247
95 182 247
96 133 162
96 133 174
96 135 163
96 135 174
97 160 188
98 127 182
98 127 189
98 157 189
99 120 155
99 147 155
100 111 124
100 111 243
100 124 152
100 152 226
102 106 115
107 140 158
108 131 187
108 144 166
108 144 187
110 119 154
111 113 243
112 133 162
112 143 150
113 130 159
114 125 131
117 177 199
117 177 227
117 199 221
117 205 221
117 205 245
117 227 245
119 154 190
121 137 211
121 193 211
122 139 183
122 139 247
122 141 169
122 169 183
123 165 173
123 165 177
123 177 199
126 176 179
127 182 191
129 136 138
130 153 159
132 147 155
134 143 150
137 169 183
137 183 201
137 201 211
139 181 182
139 181 246
139 182 247
139 183 201
139 201 246
142 146 148
142 146 235
142 152 235
145 149 168
145 149 180
146 148 151
146 151 222
146 222 223
146 223 233
146 233 235
149 168 175
149 175 239
149 178 239
151 185 237
151 222 237
152 226 235
160 188 208
160 193 212
160 208 212
164 181 238
164 181 246
164 202 242
164 202 246
164 240 242
165 177 198
167 172 179
167 176 179
168 170 195
168 175 195
171 224 229
175 195 206
175 206 228
175 228 239
177 198 227
181 182 191
181 191 238
186 188 190
186 188 208
186 190 198
186 198 227
186 208 217
186 217 227
193 211 212
196 215 224
200 214 220
200 220 231
200 231 236
201 202 211
201 202 246
202 211 212
202 212 244
202 242 244
203 210 214
203 214 220
203 219 220
204 205 230
204 205 248
204 206 230
205 221 225
205 225 230
205 245 248
206 228 230
207 210 214
208 212 244
208 217 244
215 218 219
215 219 224
216 221 225
217 227 245
217 241 244
217 241 248
217 245 248
218 219 220
218 220 231
218 231 234
225 228 230
226 231 234
226 233 234
226 233 235
240 241 242
241 242 244
